testArrs =[0.9084 0.7301 1.0 0.5705 1.0 1.0 0.9094 0.9278 1.0 0.9974 1.0 1.0 0.9697 1.0 1.0 1.0 1.0 1.0 1.0 0.9016 0.9357 0.9919 0.9597 1.0 0.9779 0.9397 0.7918 1.0 0.9919 0.9739; 0.7839 0.2124 0.9104 0.3993 0.9237 0.7973 0.9756 0.8664 0.9142 0.8612 0.9338 0.8 1.0 0.9095 0.9067 0.7468 0.7965 0.8828 0.966 0.9016 0.7923 0.8764 0.7554 0.8925 0.7912 0.9944 0.5258 0.9038 0.7854 1.0; 0.5311 0.0 0.6812 0.2383 0.6565 0.3205 0.5331 0.2995 0.4737 0.365 0.631 0.4168 0.5232 0.7195 0.5261 0.1063 0.3614 0.1907 0.7696 0.6776 0.5129 0.3496 0.3712 0.3423 0.0201 0.5028 0.2289 0.4038 0.5425 0.4477; 0.3626 0.1195 0.4729 0.1477 0.1959 0.0438 0.1341 0.0 0.0 0.072 0.1858 0.116 0.1475 0.5385 0.194 0.0709 0.0855 0.218 0.5733 0.4153 0.2261 0.0 0.0906 0.0 0.0221 0.0508 0.1608 0.0339 0.2591 0.0; 0.3663 0.1018 0.2292 0.0 0.112 0.0493 0.0662 0.232 0.0643 0.0823 0.1272 0.0 0.0606 0.3258 0.0746 0.0506 0.0723 0.1417 0.5236 0.224 0.0404 0.1252 0.036 0.1505 0.002 0.032 0.1526 0.1843 0.0283 0.1707; 0.3443 0.1018 0.0688 0.0034 0.1756 0.0658 0.0 0.318 0.3177 0.1003 0.1959 0.0931 0.0141 0.1448 0.0634 0.0304 0.1829 0.1281 0.5079 0.1475 0.0276 0.2293 0.1324 0.2563 0.0301 0.0904 0.1526 0.2019 0.0 0.3415; 0.3333 0.1106 0.0 0.0403 0.1221 0.0301 0.0105 0.275 0.4055 0.0746 0.1196 0.1313 0.004 0.086 0.0224 0.0101 0.2198 0.1253 0.4673 0.1148 0.0643 0.2585 0.1784 0.2652 0.0803 0.0885 0.132 0.1463 0.0243 0.3362; 0.3077 0.1239 0.0042 0.0805 0.0509 0.0082 0.0122 0.2627 0.3918 0.0514 0.0483 0.0931 0.0061 0.1131 0.0299 0.0152 0.1888 0.1117 0.4542 0.1093 0.0864 0.2959 0.1655 0.2832 0.1044 0.0772 0.1381 0.1382 0.0243 0.3031; 0.2967 0.115 0.0146 0.0705 0.0356 0.0055 0.0314 0.2704 0.3821 0.0514 0.0534 0.084 0.0566 0.1403 0.0037 0.0 0.1873 0.1253 0.462 0.1202 0.0974 0.2943 0.1482 0.2796 0.1024 0.0791 0.1258 0.1382 0.0121 0.3136; 0.3004 0.1327 0.0542 0.0906 0.056 0.011 0.1463 0.2688 0.4016 0.0437 0.0738 0.0809 0.2061 0.1176 0.0112 0.0608 0.1976 0.1935 0.4542 0.1311 0.0938 0.2862 0.1568 0.2814 0.1145 0.0772 0.1402 0.1314 0.0607 0.3206; 0.304 0.1062 0.1021 0.0805 0.0407 0.0137 0.324 0.2765 0.4191 0.0617 0.0712 0.0687 0.3758 0.1041 0.0037 0.1089 0.1726 0.2398 0.4503 0.1475 0.0846 0.2878 0.1568 0.2832 0.1104 0.0678 0.134 0.1369 0.0526 0.3084; 0.337 0.1416 0.1229 0.104 0.0407 0.0 0.4042 0.2719 0.4366 0.054 0.0662 0.0748 0.4222 0.1267 0.0261 0.2203 0.1681 0.346 0.4437 0.1311 0.0919 0.2992 0.1353 0.2832 0.1205 0.0659 0.1505 0.1369 0.0607 0.3136; 0.3773 0.1283 0.15 0.094 0.0534 0.0027 0.4286 0.2719 0.4483 0.0463 0.0738 0.0656 0.4323 0.1584 0.0187 0.2684 0.1622 0.3569 0.449 0.1311 0.0919 0.2943 0.1381 0.2796 0.1225 0.0659 0.1402 0.1369 0.0729 0.3206; 0.3919 0.1504 0.1688 0.1174 0.0483 0.0164 0.4373 0.2673 0.4561 0.0463 0.0916 0.0519 0.4343 0.1448 0.0336 0.2937 0.1755 0.376 0.4516 0.153 0.0827 0.2992 0.1424 0.2867 0.1325 0.0584 0.1505 0.1477 0.0769 0.324; 0.4396 0.1327 0.1729 0.0973 0.0407 0.011 0.4477 0.2704 0.4717 0.0566 0.0814 0.0687 0.4626 0.1448 0.0037 0.3089 0.1799 0.3787 0.4437 0.1694 0.0809 0.2959 0.1453 0.2867 0.1205 0.0508 0.1381 0.1504 0.0567 0.3223; 0.4469 0.1504 0.1708 0.1342 0.0407 0.0137 0.4564 0.2719 0.4854 0.0566 0.0789 0.0702 0.4747 0.1493 0.0299 0.3241 0.1799 0.3869 0.4424 0.1639 0.0864 0.3057 0.1525 0.2814 0.1446 0.049 0.1608 0.1558 0.081 0.3153; 0.4579 0.1327 0.1688 0.1242 0.0433 0.011 0.4495 0.2673 0.501 0.0566 0.0738 0.0656 0.4586 0.1855 0.0149 0.3089 0.1991 0.3951 0.4411 0.1475 0.0938 0.3057 0.1597 0.276 0.1345 0.0527 0.1567 0.1612 0.0891 0.3223; 0.4799 0.1504 0.1646 0.1611 0.0458 0.0247 0.4495 0.2704 0.5146 0.0591 0.0891 0.0901 0.4485 0.1765 0.0224 0.3519 0.2198 0.4087 0.4385 0.1803 0.0846 0.2976 0.1871 0.2903 0.1426 0.0414 0.1649 0.1721 0.0891 0.331; 0.5128 0.1239 0.1562 0.1711 0.0458 0.0219 0.446 0.275 0.5283 0.072 0.0814 0.1053 0.4485 0.1629 0.0075 0.3494 0.2389 0.4114 0.4346 0.1858 0.0754 0.3024 0.1942 0.2903 0.1386 0.032 0.1732 0.1843 0.085 0.3223; 0.5348 0.1637 0.1521 0.1946 0.0356 0.0192 0.439 0.275 0.5458 0.0694 0.0763 0.1221 0.4465 0.1855 0.0299 0.3646 0.2596 0.4305 0.4306 0.1967 0.0754 0.3073 0.2058 0.2832 0.1486 0.0264 0.1814 0.1883 0.1296 0.3118; 0.5861 0.1372 0.1479 0.2047 0.0483 0.0247 0.4233 0.2734 0.5575 0.0591 0.0763 0.1481 0.4283 0.2081 0.0224 0.3671 0.2758 0.4469 0.4228 0.1749 0.0772 0.3008 0.2345 0.2832 0.1466 0.032 0.1835 0.1911 0.1296 0.3258; 0.5861 0.1416 0.1479 0.2617 0.0483 0.0493 0.4146 0.2719 0.5789 0.0694 0.0941 0.1725 0.4162 0.1855 0.0261 0.4101 0.3156 0.4768 0.4175 0.1967 0.068 0.2976 0.2604 0.2939 0.1667 0.0282 0.2103 0.2073 0.1619 0.331; 0.6044 0.1327 0.1458 0.2752 0.0509 0.0493 0.4059 0.275 0.5984 0.0823 0.0941 0.2153 0.404 0.1946 0.0112 0.4127 0.3422 0.4714 0.4071 0.1913 0.057 0.3008 0.2921 0.2975 0.1627 0.0113 0.2144 0.2182 0.1498 0.324; 0.6337 0.1504 0.1458 0.3322 0.0483 0.0411 0.3798 0.2796 0.6023 0.0746 0.0789 0.2366 0.4081 0.2036 0.0299 0.443 0.3628 0.5123 0.3953 0.2022 0.0607 0.3057 0.3223 0.2885 0.1767 0.0075 0.2351 0.2249 0.1862 0.324; 0.6154 0.1283 0.1417 0.3456 0.0738 0.0438 0.3746 0.275 0.6121 0.0797 0.0992 0.2626 0.3879 0.2172 0.0 0.4582 0.4041 0.5313 0.3835 0.2077 0.0607 0.3154 0.341 0.2867 0.1747 0.0113 0.2454 0.2358 0.2146 0.3328; 0.5824 0.146 0.1417 0.396 0.0687 0.0575 0.3711 0.2765 0.616 0.0977 0.112 0.2992 0.3798 0.2172 0.0299 0.4835 0.4248 0.5477 0.3822 0.224 0.0496 0.3073 0.3727 0.3065 0.1908 0.0019 0.266 0.2547 0.2591 0.3293; 0.5641 0.1195 0.1479 0.406 0.0763 0.063 0.3624 0.2826 0.6218 0.0951 0.117 0.3237 0.3697 0.2127 0.0149 0.4886 0.4484 0.564 0.3861 0.2404 0.0404 0.3089 0.4029 0.31 0.1948 0.0 0.266 0.2751 0.247 0.3275; 0.5201 0.1239 0.1583 0.4564 0.0712 0.0493 0.3502 0.2873 0.6101 0.0951 0.1018 0.3481 0.3677 0.2172 0.0448 0.5266 0.4676 0.5858 0.3809 0.235 0.0331 0.3203 0.4259 0.3082 0.2149 0.0 0.2928 0.2778 0.3077 0.3293; 0.4908 0.1018 0.1688 0.4463 0.084 0.0521 0.3502 0.2811 0.5945 0.1028 0.1247 0.3863 0.3737 0.2443 0.0373 0.5367 0.4853 0.5613 0.394 0.235 0.0404 0.3252 0.4403 0.3118 0.2189 0.0151 0.2948 0.2805 0.332 0.3415; 0.4908 0.0929 0.1792 0.4463 0.0814 0.0658 0.3589 0.2842 0.5848 0.1054 0.1374 0.4168 0.3677 0.2353 0.0746 0.557 0.4912 0.5586 0.4188 0.2678 0.0239 0.3252 0.4489 0.3297 0.249 0.0301 0.3196 0.3022 0.3765 0.3484; 0.4689 0.0708 0.1917 0.3993 0.1043 0.0658 0.3641 0.2919 0.5887 0.1028 0.1527 0.4107 0.3717 0.2398 0.0821 0.5468 0.4941 0.5095 0.4359 0.2787 0.0129 0.3366 0.4604 0.3387 0.251 0.0358 0.3134 0.3157 0.3725 0.3467; 0.4542 0.0796 0.2062 0.3691 0.1069 0.074 0.3763 0.3011 0.5692 0.1054 0.1323 0.4351 0.3919 0.2398 0.1231 0.5342 0.4794 0.4714 0.4529 0.2732 0.0165 0.3577 0.4561 0.3459 0.2871 0.0584 0.3134 0.3117 0.4049 0.3449; 0.4505 0.0664 0.2208 0.3087 0.1298 0.0849 0.3815 0.3011 0.5517 0.1028 0.1476 0.4305 0.402 0.2534 0.1231 0.4861 0.472 0.4332 0.4673 0.2787 0.0257 0.3724 0.4317 0.353 0.2992 0.0904 0.2825 0.3144 0.3927 0.3571; 0.4652 0.0708 0.2396 0.2953 0.1298 0.1123 0.4042 0.3088 0.5341 0.126 0.1476 0.4214 0.4162 0.2353 0.1567 0.443 0.4528 0.4087 0.4895 0.2896 0.0239 0.3756 0.4245 0.3746 0.3353 0.1036 0.2784 0.3211 0.4332 0.3624; 0.4505 0.0796 0.2583 0.2651 0.1374 0.1123 0.439 0.3226 0.5205 0.1337 0.1603 0.426 0.4444 0.2127 0.1381 0.3949 0.4322 0.3515 0.5 0.2951 0.0276 0.387 0.4101 0.3943 0.3574 0.113 0.2392 0.3171 0.3846 0.3606; 0.4322 0.0929 0.275 0.2718 0.1221 0.0904 0.4495 0.3272 0.4951 0.1183 0.1425 0.4046 0.4747 0.2172 0.1604 0.3595 0.4027 0.3406 0.4895 0.2787 0.0404 0.4114 0.3871 0.3996 0.3896 0.1224 0.2309 0.2967 0.3401 0.3693; 0.4249 0.0885 0.2875 0.2584 0.1323 0.0959 0.4721 0.3257 0.4717 0.1105 0.1603 0.3847 0.4869 0.2127 0.1381 0.2962 0.3805 0.3025 0.4974 0.2568 0.0533 0.4211 0.364 0.4104 0.4116 0.145 0.1897 0.2724 0.2794 0.3815; 0.4103 0.0841 0.3083 0.2685 0.1247 0.0986 0.4756 0.3303 0.4639 0.1311 0.1425 0.3466 0.4909 0.1855 0.1567 0.2962 0.3702 0.2888 0.5026 0.2459 0.0643 0.4228 0.341 0.4319 0.4458 0.1394 0.1794 0.2561 0.2794 0.3868; 0.3919 0.0796 0.3208 0.2617 0.1298 0.0904 0.4913 0.3441 0.4542 0.1362 0.1628 0.3145 0.503 0.1493 0.1455 0.2557 0.3422 0.2807 0.5092 0.2459 0.0754 0.4439 0.3266 0.4373 