function output = deepNN(inputArray)
    % Load pre-converted weights and biases 
    % Extract weights and biases from the loaded file

    W2 = [0.5585937500000000 0.0506286621093750 0.3371582031250000 -0.5629882812500000 0.4843750000000000 -0.2863769531250000 -0.2739257812500000 -0.7133789062500000 0.4543457031250000 0.7846679687500000 -0.7338867187500000 0.1850585937500000 0.3125000000000000 0.7778320312500000 -0.0503234863281250 -0.1513671875000000; 0.5048828125000000 -0.0534057617187500 -0.8066406250000000 -0.0292663574218750 -0.8686523437500000 -0.1520996093750000 0.6474609375000000 -0.0232696533203125 0.1222534179687500 0.6005859375000000 0.6362304687500000 -0.3283691406250000 0.8432617187500000 -0.7548828125000000 0.0381469726562500 0.5888671875000000; 0.0207214355468750 0.0549011230468750 0.4487304687500000 -0.8945312500000000 -0.0728149414062500 0.5751953125000000 -0.3173828125000000 -0.3381347656250000 -0.2448730468750000 -1.3886718750000000 1.0732421875000000 0.6909179687500000 -0.7924804687500000 0.1906738281250000 -0.0403137207031250 -0.1933593750000000; -0.5166015625000000 -0.0548095703125000 0.3107910156250000 -1.2412109375000000 0.3840332031250000 0.6777343750000000 -1.2382812500000000 -0.3945312500000000 -0.4462890625000000 -1.5839843750000000 0.5712890625000000 0.3957519531250000 -1.5595703125000000 0.2056884765625000 -0.0675659179687500 -1.0888671875000000; 0.4577636718750000 0.0308227539062500 -0.0108108520507812 -0.2934570312500000 0.4001464843750000 -0.1638183593750000 -0.3645019531250000 -0.3750000000000000 0.4277343750000000 0.7856445312500000 0.0359191894531250 0.0186614990234375 0.3408203125000000 -0.0370483398437500 -0.0764770507812500 -0.7490234375000000; 0.5292968750000000 -0.0592346191406250 0.0793457031250000 -0.5791015625000000 0.1540527343750000 0.3779296875000000 -0.0913696289062500 -0.6704101562500000 0.0592651367187500 0.8808593750000000 0.3127441406250000 -0.0038967132568359 0.5302734375000000 0.0133666992187500 -0.0098648071289062 -0.3461914062500000; 0.1936035156250000 -0.0108795166015625 0.4636230468750000 -1.4169921875000000 0.2277832031250000 1.0332031250000000 0.1579589843750000 -1.0996093750000000 -0.5507812500000000 0.0633544921875000 0.4291992187500000 0.4414062500000000 0.1555175781250000 0.4567871093750000 -0.0606384277343750 -0.0193786621093750; -0.3674316406250000 -0.0001873970031738 0.2744140625000000 -0.7431640625000000 0.2469482421875000 1.0234375000000000 0.1262207031250000 -0.4934082031250000 -0.9545898437500000 -0.1831054687500000 0.0925903320312500 0.3286132812500000 0.2089843750000000 0.2053222656250000 -0.0206298828125000 0.1079101562500000; -0.7363281250000000 -0.0527343750000000 -0.0681152343750000 -0.0399475097656250 -0.3427734375000000 0.6279296875000000 0.0524291992187500 0.3010253906250000 -1.2412109375000000 -0.3232421875000000 -0.2263183593750000 0.0041389465332031 -0.0586853027343750 -0.0548706054687500 0.0119781494140625 0.1652832031250000; -0.2143554687500000 0.0521850585937500 -0.2524414062500000 -0.3542480468750000 -0.9472656250000000 0.2856445312500000 0.3764648437500000 0.1610107421875000 -0.9653320312500000 -0.2432861328125000 -0.3601074218750000 0.3952636718750000 0.1385498046875000 -0.0184631347656250 -0.0231933593750000 0.5859375000000000; 0.0820312500000000 0.0520935058593750 -0.5947265625000000 -0.5117187500000000 -1.7412109375000000 0.0230865478515625 0.4538574218750000 -0.1418457031250000 -0.3657226562500000 0.0078353881835938 -0.1021118164062500 0.5854492187500000 0.2868652343750000 -0.2170410156250000 -0.0425415039062500 0.6220703125000000; -0.0906982421875000 -0.0328674316406250 -0.6337890625000000 -0.3293457031250000 -1.4609375000000000 0.2553710937500000 0.2154541015625000 -0.1204223632812500 -0.0528869628906250 0.0338439941406250 0.3139648437500000 0.2668457031250000 0.2563476562500000 -0.6831054687500000 0.0568542480468750 0.3613281250000000; -0.3408203125000000 -0.0022983551025391 -0.5053710937500000 0.2517089843750000 -0.7104492187500000 0.0701904296875000 -0.1038208007812500 0.2039794921875000 -0.1291503906250000 -0.0126953125000000 -0.1635742187500000 -0.0655517578125000 0.1052246093750000 -0.7910156250000000 -0.0701904296875000 0.0035266876220703; -0.6757812500000000 0.0115280151367188 -0.4731445312500000 0.6127929687500000 -0.5830078125000000 -0.1220092773437500 -0.2275390625000000 0.4108886718750000 -0.0182189941406250 -0.0710449218750000 -0.0662841796875000 -0.4370117187500000 0.0477294921875000 -0.9023437500000000 -0.0122375488281250 -0.2017822265625000; -0.5644531250000000 0.0304107666015625 -0.4191894531250000 0.5747070312500000 -0.3286132812500000 -0.3850097656250000 -0.1492919921875000 0.3483886718750000 0.1275634765625000 0.0499267578125000 -0.0154037475585938 -0.3129882812500000 0.1318359375000000 -0.7661132812500000 0.0237426757812500 -0.0925903320312500; -0.3395996093750000 0.0239562988281250 -0.1177978515625000 0.4462890625000000 0.1053466796875000 -0.4648437500000000 -0.1479492187500000 0.2763671875000000 0.1915283203125000 0.0057106018066406 -0.1314697265625000 -0.0938720703125000 0.2744140625000000 -0.4265136718750000 0.0016117095947266 -0.0599365234375000; -0.3435058593750000 -0.0714111328125000 0.1510009765625000 0.4072265625000000 0.4218750000000000 -0.6020507812500000 -0.2854003906250000 0.1519775390625000 0.2026367187500000 0.0694580078125000 -0.4304199218750000 0.0393371582031250 0.0107192993164062 -0.0983276367187500 0.0080871582031250 -0.3632812500000000; -0.2095947265625000 -0.0045738220214844 0.1882324218750000 0.3666992187500000 0.6127929687500000 -0.6977539062500000 -0.3186035156250000 0.1475830078125000 0.2346191406250000 0.1023559570312500 -0.4606933593750000 0.1428222656250000 0.0516052246093750 0.0419921875000000 -0.0512390136718750 -0.3791503906250000; -0.0079803466796875 -0.0699462890625000 0.2390136718750000 0.3437500000000000 0.5517578125000000 -0.7768554687500000 -0.3586425781250000 0.0455932617187500 0.2154541015625000 0.1499023437500000 -0.5961914062500000 0.2322998046875000 -0.0003066062927246 0.1469726562500000 -0.0074996948242188 -0.3764648437500000; 0.0330505371093750 -0.0099029541015625 0.2102050781250000 0.3081054687500000 0.4704589843750000 -0.7319335937500000 -0.2988281250000000 0.1176757812500000 0.1984863281250000 0.0945434570312500 -0.5800781250000000 0.2692871093750000 0.0259094238281250 0.1494140625000000 -0.0780639648437500 -0.2019042968750000; 0.1077880859375000 -0.0583190917968750 0.2182617187500000 0.1965332031250000 0.4226074218750000 -0.8139648437500000 -0.0963745117187500 0.0022354125976562 0.2678222656250000 0.1265869140625000 -0.6967773437500000 0.1983642578125000 0.1497802734375000 0.1912841796875000 0.0342712402343750 -0.0601501464843750; 0.3037109375000000 -0.0588684082031250 0.1408691406250000 0.1586914062500000 0.2639160156250000 -0.7114257812500000 0.0128707885742188 0.0198669433593750 0.2357177734375000 0.1363525390625000 -0.8007812500000000 0.2761230468750000 0.0611267089843750 0.2377929687500000 -0.0808715820312500 -0.0032081604003906; 0.3232421875000000 0.0481567382812500 0.1324462890625000 0.2103271484375000 0.2067871093750000 -0.6621093750000000 0.0573425292968750 0.1137084960937500 0.2583007812500000 0.1623535156250000 -0.8305664062500000 0.2604980468750000 -0.0022583007812500 0.2362060546875000 -0.0673217773437500 0.0029239654541016; 0.3540039062500000 0.0005731582641602 0.1092529296875000 0.1049194335937500 0.0405273437500000 -0.3623046875000000 0.1303710937500000 -0.0082626342773438 0.1853027343750000 0.1351318359375000 -0.6728515625000000 0.1722412109375000 -0.1207275390625000 0.1044921875000000 0.0263671875000000 0.1398925781250000; 0.3603515625000000 0.0473022460937500 0.0903930664062500 -0.0090789794921875 -0.0098876953125000 -0.2927246093750000 0.1657714843750000 0.0524902343750000 0.0599975585937500 -0.0136566162109375 -0.6000976562500000 0.1751708984375000 -0.0968017578125000 0.1192626953125000 0.0234985351562500 0.0806274414062500; 0.4067382812500000 -0.0715332031250000 